0.100000
0.100000
0.010000
0.050000
3
1
1
10
0.285400 0.939600 0.090074 0.000000 0.000000 0.000000 134772.257929 375.000000 0.000022 268.000000 35.000000 0.072539 0.042201 0.079334
0.285400 0.939600 0.090074 0.000000 0.000000 0.000000 134772.257929 375.000000 0.000022 268.000000 35.000000 -0.005995 -0.014992 0.045079
0.285400 0.939600 0.090074 0.000000 0.000000 0.000000 134772.257929 375.000000 0.000022 268.000000 35.000000 -0.095546 0.067360 0.029328
0.285400 0.939600 0.090074 0.000000 0.000000 0.000000 134772.257929 375.000000 0.000022 268.000000 35.000000 -0.038292 -0.064064 -0.030097
0.285400 0.939600 0.090074 0.000000 0.000000 0.000000 134772.257929 375.000000 0.000022 268.000000 35.000000 -0.063175 -0.091694 -0.055181
0.285400 0.939600 0.090074 0.000000 0.000000 0.000000 134772.257929 375.000000 0.000022 268.000000 35.000000 -0.005382 -0.062539 -0.062837
0.285400 0.939600 0.090074 0.000000 0.000000 0.000000 134772.257929 375.000000 0.000022 268.000000 35.000000 -0.062595 -0.028732 0.068843
0.285400 0.939600 0.090074 0.000000 0.000000 0.000000 134772.257929 375.000000 0.000022 268.000000 35.000000 0.054430 0.001940 0.066795
0.285400 0.939600 0.090074 0.000000 0.000000 0.000000 134772.257929 375.000000 0.000022 268.000000 35.000000 0.077875 -0.071162 0.033866
0.285400 0.939600 0.090074 0.000000 0.000000 0.000000 134772.257929 375.000000 0.000022 268.000000 35.000000 0.070886 0.088076 0.066206
