0.010000
0.010000
0.100000
0.000001
1000
10
10
1
0.285400 0.939600 0.090074 0.000000 0.000000 0.000000 134772.257929 375.000000 0.000022 268000.000000 1.396500 0.000000 0.000000 0.000000
0.285400 0.939600 0.090074 0.000000 0.000000 0.000000 134772.257929 375.000000 0.000022 268000.000000 1.396500 0.000000 0.000000 0.000000
0.285400 0.939600 0.090074 0.000000 0.000000 0.000000 134772.257929 375.000000 0.000022 268000.000000 1.396500 0.000000 0.000000 0.000000
0.285400 0.939600 0.090074 0.000000 0.000000 0.000000 134772.257929 375.000000 0.000022 268000.000000 1.396500 0.000000 0.000000 0.000000
0.285400 0.939600 0.090074 0.000000 0.000000 0.000000 134772.257929 375.000000 0.000022 268000.000000 1.396500 0.000000 0.000000 0.000000
0.285400 0.939600 0.090074 0.000000 0.000000 0.000000 134772.257929 375.000000 0.000022 268000.000000 1.396500 0.000000 0.000000 0.000000
0.285400 0.939600 0.090074 0.000000 0.000000 0.000000 134772.257929 375.000000 0.000022 268000.000000 1.396500 0.000000 0.000000 0.000000
0.285400 0.939600 0.090074 0.000000 0.000000 0.000000 134772.257929 375.000000 0.000022 268000.000000 1.396500 0.000000 0.000000 0.000000
0.285400 0.939600 0.090074 0.000000 0.000000 0.000000 134772.257929 375.000000 0.000022 268000.000000 1.396500 0.000000 0.000000 0.000000
0.285400 0.939600 0.090074 0.000000 0.000000 0.000000 134772.257929 375.000000 0.000022 268000.000000 1.396500 0.000000 0.000000 0.000000
0.285400 0.939600 0.090074 0.000000 0.000000 0.000000 134772.257929 375.000000 0.000022 268000.000000 1.396500 0.000000 0.000000 0.000000
0.285400 0.939600 0.090074 0.000000 0.000000 0.000000 134772.257929 375.000000 0.000022 268000.000000 1.396500 0.000000 0.000000 0.000000
0.285400 0.939600 0.090074 0.000000 0.000000 0.000000 134772.257929 375.000000 0.000022 268000.000000 1.396500 0.000000 0.000000 0.000000
0.285400 0.939600 0.090074 0.000000 0.000000 0.000000 134772.257929 375.000000 0.000022 268000.000000 1.396500 0.000000 0.000000 0.000000
0.285400 0.939600 0.090074 0.000000 0.000000 0.000000 134772.257929 375.000000 0.000022 268000.000000 1.396500 0.000000 0.000000 0.000000
0.285400 0.939600 0.090074 0.000000 0.000000 0.000000 134772.257929 375.000000 0.000022 268000.000000 1.396500 0.000000 0.000000 0.000000
0.285400 0.939600 0.090074 0.000000 0.000000 0.000000 134772.257929 375.000000 0.000022 268000.000000 1.396500 0.000000 0.000000 0.000000
0.285400 0.939600 0.090074 0.000000 0.000000 0.000000 134772.257929 375.000000 0.000022 268000.000000 1.396500 0.000000 0.000000 0.000000
0.285400 0.939600 0.090074 0.000000 0.000000 0.000000 134772.257929 375.000000 0.000022 268000.000000 1.396500 0.000000 0.000000 0.000000
0.285400 0.939600 0.090074 0.000000 0.000000 0.000000 134772.257929 375.000000 0.000022 268000.000000 1.396500 0.000000 0.000000 0.000000
0.285400 0.939600 0.090074 0.000000 0.000000 0.000000 134772.257929 375.000000 0.000022 268000.000000 1.396500 0.000000 0.000000 0.000000
0.285400 0.939600 0.090074 0.000000 0.000000 0.000000 134772.257929 375.000000 0.000022 268000.000000 1.396500 0.000000 0.000000 0.000000
0.285400 0.939600 0.090074 0.000000 0.000000 0.000000 134772.257929 375.000000 0.000022 268000.000000 1.396500 0.000000 0.000000 0.000000
0.285400 0.939600 0.090074 0.000000 0.000000 0.000000 134772.257929 375.000000 0.000022 268000.000000 1.396500 0.000000 0.000000 0.000000
0.285400 0.939600 0.090074 0.000000 0.000000 0.000000 134772.257929 375.000000 0.000022 268000.000000 1.396500 0.000000 0.000000 0.000000
0.285400 0.939600 0.090074 0.000000 0.000000 0.000000 134772.257929 375.000000 0.000022 268000.000000 1.396500 0.000000 0.000000 0.000000
0.285400 0.939600 0.090074 0.000000 0.000000 0.000000 134772.257929 375.000000 0.000022 268000.000000 1.396500 0.000000 0.000000 0.000000
0.285400 0.939600 0.090074 0.000000 0.000000 0.000000 134772.257929 375.000000 0.000022 268000.000000 1.396500 0.000000 0.000000 0.000000
0.285400 0.939600 0.090074 0.000000 0.000000 0.000000 134772.257929 375.000000 0.000022 268000.000000 1.396500 0.000000 0.000000 0.000000
0.285400 0.939600 0.090074 0.000000 0.000000 0.000000 134772.257929 375.000000 0.000022 268000.000000 1.396500 0.000000 0.000000 0.000000
0.285400 0.939600 0.090074 0.000000 0.000000 0.000000 134772.257929 375.000000 0.000022 268000.000000 1.396500 0.000000 0.000000 0.000000
0.285400 0.939600 0.090074 0.000000 0.000000 0.000000 134772.257929 375.000000 0.000022 268000.000000 1.396500 0.000000 0.000000 0.000000
0.285400 0.939600 0.090074 0.000000 0.000000 0.000000 134772.257929 375.000000 0.000022 268000.000000 1.396500 0.000000 0.000000 0.000000
0.285400 0.939600 0.090074 0.000000 0.000000 0.000000 134772.257929 375.000000 0.000022 268000.000000 1.396500 0.000000 0.000000 0.000000
0.285400 0.939600 0.090074 0.000000 0.000000 0.000000 134772.257929 375.000000 0.000022 268000.000000 1.396500 0.000000 0.000000 0.000000
0.285400 0.939600 0.090074 0.000000 0.000000 0.000000 134772.257929 375.000000 0.000022 268000.000000 1.396500 0.000000 0.000000 0.000000
0.285400 0.939600 0.090074 0.000000 0.000000 0.000000 134772.257929 375.000000 0.000022 268000.000000 1.396500 0.000000 0.000000 0.000000
0.285400 0.939600 0.090074 0.000000 0.000000 0.000000 134772.257929 375.000000 0.000022 268000.000000 1.396500 0.000000 0.000000 0.000000
0.285400 0.939600 0.090074 0.000000 0.000000 0.000000 134772.257929 375.000000 0.000022 268000.000000 1.396500 0.000000 0.000000 0.000000
0.285400 0.939600 0.090074 0.000000 0.000000 0.000000 134772.257929 375.000000 0.000022 268000.000000 1.396500 0.000000 0.000000 0.000000
0.285400 0.939600 0.090074 0.000000 0.000000 0.000000 134772.257929 375.000000 0.000022 268000.000000 1.396500 0.000000 0.000000 0.000000
0.285400 0.939600 0.090074 0.000000 0.000000 0.000000 134772.257929 375.000000 0.000022 268000.000000 1.396500 0.000000 0.000000 0.000000
0.285400 0.939600 0.090074 0.000000 0.000000 0.000000 134772.257929 375.000000 0.000022 268000.000000 1.396500 0.000000 0.000000 0.000000
0.285400 0.939600 0.090074 0.000000 0.000000 0.000000 134772.257929 375.000000 0.000022 268000.000000 1.396500 0.000000 0.000000 0.000000
0.285400 0.939600 0.090074 0.000000 0.000000 0.000000 134772.257929 375.000000 0.000022 268000.000000 1.396500 0.000000 0.000000 0.000000
0.285400 0.939600 0.090074 0.000000 0.000000 0.000000 134772.257929 375.000000 0.000022 268000.000000 1.396500 0.000000 0.000000 0.000000
0.285400 0.939600 0.090074 0.000000 0.000000 0.000000 134772.257929 375.000000 0.000022 268000.000000 1.396500 0.000000 0.000000 0.000000
0.285400 0.939600 0.090074 0.000000 0.000000 0.000000 134772.257929 375.000000 0.000022 268000.000000 1.396500 0.000000 0.000000 0.000000
0.285400 0.939600 0.090074 0.000000 0.000000 0.000000 134772.257929 375.000000 0.000022 268000.000000 1.396500 0.000000 0.000000 0.000000
0.285400 0.939600 0.090074 0.000000 0.000000 0.000000 134772.257929 375.000000 0.000022 268000.000000 1.396500 0.000000 0.000000 0.000000
0.285400 0.939600 0.090074 0.000000 0.000000 0.000000 134772.257929 375.000000 0.000022 268000.000000 1.396500 0.000000 0.000000 0.000000
0.285400 0.939600 0.090074 0.000000 0.000000 0.000000 134772.257929 375.000000 0.000022 268000.000000 1.396500 0.000000 0.000000 0.000000
0.285400 0.939600 0.090074 0.000000 0.000000 0.000000 134772.257929 375.000000 0.000022 268000.000000 1.396500 0.000000 0.000000 0.000000
0.285400 0.939600 0.090074 0.000000 0.000000 0.000000 134772.257929 375.000000 0.000022 268000.000000 1.396500 0.000000 0.000000 0.000000
0.285400 0.939600 0.090074 0.000000 0.000000 0.000000 134772.257929 375.000000 0.000022 268000.000000 1.396500 0.000000 0.000000 0.000000
0.285400 0.939600 0.090074 0.000000 0.000000 0.000000 134772.257929 375.000000 0.000022 268000.000000 1.396500 0.000000 0.000000 0.000000
0.285400 0.939600 0.090074 0.000000 0.000000 0.000000 134772.257929 375.000000 0.000022 268000.000000 1.396500 0.000000 0.000000 0.000000
0.285400 0.939600 0.090074 0.000000 0.000000 0.000000 134772.257929 375.000000 0.000022 268000.000000 1.396500 0.000000 0.000000 0.000000
0.285400 0.939600 0.090074 0.000000 0.000000 0.000000 134772.257929 375.000000 0.000022 268000.000000 1.396500 0.000000 0.000000 0.000000
0.285400 0.939600 0.090074 0.000000 0.000000 0.000000 134772.257929 375.000000 0.000022 268000.000000 1.396500 0.000000 0.000000 0.000000
0.285400 0.939600 0.090074 0.000000 0.000000 0.000000 134772.257929 375.000000 0.000022 268000.000000 1.396500 0.000000 0.000000 0.000000
0.285400 0.939600 0.090074 0.000000 0.000000 0.000000 134772.257929 375.000000 0.000022 268000.000000 1.396500 0.000000 0.000000 0.000000
0.285400 0.939600 0.090074 0.000000 0.000000 0.000000 134772.257929 375.000000 0.000022 268000.000000 1.396500 0.000000 0.000000 0.000000
0.285400 0.939600 0.090074 0.000000 0.000000 0.000000 134772.257929 375.000000 0.000022 268000.000000 1.396500 0.000000 0.000000 0.000000
0.285400 0.939600 0.090074 0.000000 0.000000 0.000000 134772.257929 375.000000 0.000022 268000.000000 1.396500 0.000000 0.000000 0.000000
0.285400 0.939600 0.090074 0.000000 0.000000 0.000000 134772.257929 375.000000 0.000022 268000.000000 1.396500 0.000000 0.000000 0.000000
0.285400 0.939600 0.090074 0.000000 0.000000 0.000000 134772.257929 375.000000 0.000022 268000.000000 1.396500 0.000000 0.000000 0.000000
0.285400 0.939600 0.090074 0.000000 0.000000 0.000000 134772.257929 375.000000 0.000022 268000.000000 1.396500 0.000000 0.000000 0.000000
0.285400 0.939600 0.090074 0.000000 0.000000 0.000000 134772.257929 375.000000 0.000022 268000.000000 1.396500 0.000000 0.000000 0.000000
0.285400 0.939600 0.090074 0.000000 0.000000 0.000000 134772.257929 375.000000 0.000022 268000.000000 1.396500 0.000000 0.000000 0.000000
0.285400 0.939600 0.090074 0.000000 0.000000 0.000000 134772.257929 375.000000 0.000022 268000.000000 1.396500 0.000000 0.000000 0.000000
0.285400 0.939600 0.090074 0.000000 0.000000 0.000000 134772.257929 375.000000 0.000022 268000.000000 1.396500 0.000000 0.000000 0.000000
0.285400 0.939600 0.090074 0.000000 0.000000 0.000000 134772.257929 375.000000 0.000022 268000.000000 1.396500 0.000000 0.000000 0.000000
0.285400 0.939600 0.090074 0.000000 0.000000 0.000000 134772.257929 375.000000 0.000022 268000.000000 1.396500 0.000000 0.000000 0.000000
0.285400 0.939600 0.090074 0.000000 0.000000 0.000000 134772.257929 375.000000 0.000022 268000.000000 1.396500 0.000000 0.000000 0.000000
0.285400 0.939600 0.090074 0.000000 0.000000 0.000000 134772.257929 375.000000 0.000022 268000.000000 1.396500 0.000000 0.000000 0.000000
0.285400 0.939600 0.090074 0.000000 0.000000 0.000000 134772.257929 375.000000 0.000022 268000.000000 1.396500 0.000000 0.000000 0.000000
0.285400 0.939600 0.090074 0.000000 0.000000 0.000000 134772.257929 375.000000 0.000022 268000.000000 1.396500 0.000000 0.000000 0.000000
0.285400 0.939600 0.090074 0.000000 0.000000 0.000000 134772.257929 375.000000 0.000022 268000.000000 1.396500 0.000000 0.000000 0.000000
0.285400 0.939600 0.090074 0.000000 0.000000 0.000000 134772.257929 375.000000 0.000022 268000.000000 1.396500 0.000000 0.000000 0.000000
0.285400 0.939600 0.090074 0.000000 0.000000 0.000000 134772.257929 375.000000 0.000022 268000.000000 1.396500 0.000000 0.000000 0.000000
0.285400 0.939600 0.090074 0.000000 0.000000 0.000000 134772.257929 375.000000 0.000022 268000.000000 1.396500 0.000000 0.000000 0.000000
0.285400 0.939600 0.090074 0.000000 0.000000 0.000000 134772.257929 375.000000 0.000022 268000.000000 1.396500 0.000000 0.000000 0.000000
0.285400 0.939600 0.090074 0.000000 0.000000 0.000000 134772.257929 375.000000 0.000022 268000.000000 1.396500 0.000000 0.000000 0.000000
0.285400 0.939600 0.090074 0.000000 0.000000 0.000000 134772.257929 375.000000 0.000022 268000.000000 1.396500 0.000000 0.000000 0.000000
0.285400 0.939600 0.090074 0.000000 0.000000 0.000000 134772.257929 375.000000 0.000022 268000.000000 1.396500 0.000000 0.000000 0.000000
0.285400 0.939600 0.090074 0.000000 0.000000 0.000000 134772.257929 375.000000 0.000022 268000.000000 1.396500 0.000000 0.000000 0.000000
0.285400 0.939600 0.090074 0.000000 0.000000 0.000000 134772.257929 375.000000 0.000022 268000.000000 1.396500 0.000000 0.000000 0.000000
0.285400 0.939600 0.090074 0.000000 0.000000 0.000000 134772.257929 375.000000 0.000022 268000.000000 1.396500 0.000000 0.000000 0.000000
0.285400 0.939600 0.090074 0.000000 0.000000 0.000000 134772.257929 375.000000 0.000022 268000.000000 1.396500 0.000000 0.000000 0.000000
0.285400 0.939600 0.090074 0.000000 0.000000 0.000000 134772.257929 375.000000 0.000022 268000.000000 1.396500 0.000000 0.000000 0.000000
0.285400 0.939600 0.090074 0.000000 0.000000 0.000000 134772.257929 375.000000 0.000022 268000.000000 1.396500 0.000000 0.000000 0.000000
0.285400 0.939600 0.090074 0.000000 0.000000 0.000000 134772.257929 375.000000 0.000022 268000.000000 1.396500 0.000000 0.000000 0.000000
0.285400 0.939600 0.090074 0.000000 0.000000 0.000000 134772.257929 375.000000 0.000022 268000.000000 1.396500 0.000000 0.000000 0.000000
0.285400 0.939600 0.090074 0.000000 0.000000 0.000000 134772.257929 375.000000 0.000022 268000.000000 1.396500 0.000000 0.000000 0.000000
0.285400 0.939600 0.090074 0.000000 0.000000 0.000000 134772.257929 375.000000 0.000022 268000.000000 1.396500 0.000000 0.000000 0.000000
0.285400 0.939600 0.090074 0.000000 0.000000 0.000000 134772.257929 375.000000 0.000022 268000.000000 1.396500 0.000000 0.000000 0.000000
0.285400 0.939600 0.090074 0.000000 0.000000 0.000000 134772.257929 375.000000 0.000022 268000.000000 1.396500 0.000000 0.000000 0.000000
0.285400 0.939600 0.090074 0.000000 0.000000 0.000000 134772.257929 375.000000 0.000022 268000.000000 1.396500 0.000000 0.000000 0.000000
0.285400 0.939600 0.090074 0.000000 0.000000 0.000000 134772.257929 375.000000 0.000022 268000.000000 1.396500 0.000000 0.000000 0.000000
100
200
300
52.000000
52.000000
52.000000
52.000000
52.000000
52.000000
52.000000
52.000000
52.000000
52.000000
52.000000
52.000000
52.000000
52.000000
52.000000
52.000000
52.000000
52.000000
52.000000
52.000000
53.000000
53.000000
53.000000
53.000000
53.000000
53.000000
53.000000
53.000000
53.000000
53.000000
53.000000
53.000000
53.000000
53.000000
53.000000
53.000000
53.000000
53.000000
53.000000
53.000000
54.000000
54.000000
54.000000
54.000000
54.000000
54.000000
54.000000
54.000000
54.000000
54.000000
54.000000
54.000000
54.000000
54.000000
54.000000
54.000000
54.000000
54.000000
54.000000
54.000000
55.000000
55.000000
55.000000
55.000000
55.000000
55.000000
55.000000
55.000000
55.000000
55.000000
55.000000
55.000000
55.000000
55.000000
55.000000
55.000000
55.000000
55.000000
55.000000
55.000000
56.000000
56.000000
56.000000
56.000000
56.000000
56.000000
56.000000
56.000000
56.000000
56.000000
56.000000
56.000000
56.000000
56.000000
56.000000
56.000000
56.000000
56.000000
56.000000
56.000000
